[gd_scene load_steps=3 format=3 uid="uid://se8kdypldi4o"]

[ext_resource type="Script" path="res://components/images.gd" id="1_lsf8p"]
[ext_resource type="PackedScene" uid="uid://5x2on57afeoh" path="res://components/pickable_image_frame.tscn" id="2_trca1"]

[node name="Images" type="Node3D"]
script = ExtResource("1_lsf8p")

[node name="PickableImageFrame1" parent="." instance=ExtResource("2_trca1")]
transform = Transform3D(-0.253805, 0, 0.967255, 0, 1, 0, -0.967255, 0, -0.253805, -0.594, 0.309, -1.312)
rotation_edit_mode = 2

[node name="PickableImageFrame2" parent="." instance=ExtResource("2_trca1")]
transform = Transform3D(-0.96287, 0, -0.269964, 0, 1, 0, 0.269964, 0, -0.96287, -0.896, 0.672, -1.836)
rotation_edit_mode = 2

[node name="PickableImageFrame3" parent="." instance=ExtResource("2_trca1")]
transform = Transform3D(0.190923, 0, -0.981605, 0, 1, 0, 0.981605, 0, 0.190923, 1.513, 0.632, -1.137)

[node name="PickableImageFrame4" parent="." instance=ExtResource("2_trca1")]
transform = Transform3D(0.975524, 0, 0.219893, 0, 1, 0, -0.219893, 0, 0.975524, -0.019, 0.538, -0.146)

[node name="PickableImageFrame5" parent="." instance=ExtResource("2_trca1")]
transform = Transform3D(-0.202837, 0, 0.979213, 0, 1, 0, -0.979213, 0, -0.202837, -0.03, 0.288, 1.102)

[node name="PickableImageFrame6" parent="." instance=ExtResource("2_trca1")]
transform = Transform3D(-0.992896, 0, -0.118987, 0, 1, 0, 0.118987, 0, -0.992896, 1.628, 0.466, 1.296)

[node name="PickableImageFrame7" parent="." instance=ExtResource("2_trca1")]
transform = Transform3D(0.793107, 0, -0.609082, 0, 1, 0, 0.609082, 0, 0.793107, 0.997, -0.029, -3.054)

[node name="PickableImageFrame8" parent="." instance=ExtResource("2_trca1")]
transform = Transform3D(0.887528, 0, -0.460755, 0, 1, 0, 0.460755, 0, 0.887528, 1.859, 0.042, -0.665)

[node name="PickableImageFrame9" parent="." instance=ExtResource("2_trca1")]
transform = Transform3D(-0.576212, 0, 0.8173, 0, 1, 0, -0.8173, 0, -0.576212, -0.46, 0.098, -0.466)

[node name="PickableImageFrame10" parent="." instance=ExtResource("2_trca1")]
transform = Transform3D(0.763197, 0, 0.646166, 0, 1, 0, -0.646166, 0, 0.763197, -1.156, 0.746, -3.013)

[node name="PickableImageFrame11" parent="." instance=ExtResource("2_trca1")]
transform = Transform3D(0.257102, 0, -0.966384, 0, 1, 0, 0.966384, 0, 0.257102, 0.212, 0.607, -2.98)

[node name="PickableImageFrame12" parent="." instance=ExtResource("2_trca1")]
transform = Transform3D(-0.675951, 0, -0.736947, 0, 1, 0, 0.736947, 0, -0.675951, 1.198, 0.525, -1.88)

[node name="PickableImageFrame13" parent="." instance=ExtResource("2_trca1")]
transform = Transform3D(-0.615256, 0, -0.788328, 0, 1, 0, 0.788328, 0, -0.615256, 1.918, 0.043, 0.227)

[node name="PickableImageFrame14" parent="." instance=ExtResource("2_trca1")]
transform = Transform3D(0.448014, 0, 0.894027, 0, 1, 0, -0.894027, 0, 0.448014, -0.357, -0.121, 0.319)

[node name="PickableImageFrame15" parent="." instance=ExtResource("2_trca1")]
transform = Transform3D(0.148976, 0, -0.988841, 0, 1, 0, 0.988841, 0, 0.148976, 0.355, 0.822, -0.814)

[node name="PickableImageFrame16" parent="." instance=ExtResource("2_trca1")]
transform = Transform3D(0.360854, 0, 0.932622, 0, 1, 0, -0.932622, 0, 0.360854, -0.748, -0.204, -2.305)
