[gd_scene load_steps=3 format=3 uid="uid://se8kdypldi4o"]

[ext_resource type="Script" path="res://components/images.gd" id="1_lsf8p"]
[ext_resource type="PackedScene" uid="uid://5x2on57afeoh" path="res://components/pickable_image_frame.tscn" id="2_trca1"]

[node name="Images" type="Node3D"]
script = ExtResource("1_lsf8p")

[node name="KallaxMove" parent="." instance=ExtResource("2_trca1")]
transform = Transform3D(-0.256854, 0, 0.96645, 0, 1, 0, -0.96645, 0, -0.256854, -0.609, 0.3, -1.329)
rotation_edit_mode = 2

[node name="SmallKallaxFix" parent="." instance=ExtResource("2_trca1")]
transform = Transform3D(0.459967, 0, 0.887936, 0, 1, 0, -0.887936, 0, 0.459967, -0.638, -0.39, -0.777)

[node name="SmallKallaxMove" parent="." instance=ExtResource("2_trca1")]
transform = Transform3D(0.765921, 0, -0.642934, 0, 1, 0, 0.642934, 0, 0.765921, 0.65, -0.402, -3.497)

[node name="SmallTableFix" parent="." instance=ExtResource("2_trca1")]
transform = Transform3D(0.433966, 0, 0.900929, 0, 1, 0, -0.900929, 0, 0.433966, -1.03, -0.09, -2.871)

[node name="LargeTableMove1" parent="." instance=ExtResource("2_trca1")]
transform = Transform3D(0.19996, 0, -0.979804, 0, 1, 0, 0.979804, 0, 0.19996, 1.257, -0.042, -2.067)

[node name="LargeTableMove2" parent="." instance=ExtResource("2_trca1")]
transform = Transform3D(0.970786, 0, 0.239947, 0, 1, 0, -0.239947, 0, 0.970786, 1.1584, -0.033, -1.27176)

[node name="LargeCupboardFix1" parent="." instance=ExtResource("2_trca1")]
transform = Transform3D(0.236887, 0, -0.971537, 0, 1, 0, 0.971537, 0, 0.236887, 1.641, 0.625, -0.648)

[node name="SmallCupboardFix" parent="." instance=ExtResource("2_trca1")]
transform = Transform3D(-0.266922, 0, 0.963718, 0, 1, 0, -0.963718, 0, -0.266922, -0.042, 0.291, 1.103)

[node name="PinboardFix" parent="." instance=ExtResource("2_trca1")]
transform = Transform3D(-0.963718, 0, -0.266922, 0, 1, 0, 0.266922, 0, -0.963718, 1.629, 0.404, 1.291)

[node name="PinboardMove1" parent="." instance=ExtResource("2_trca1")]
transform = Transform3D(-0.966207, 0, -0.257766, 0, 1, 0, 0.257766, 0, -0.966207, 0.00573229, 0.289682, -0.102443)

[node name="PinboardMove2" parent="." instance=ExtResource("2_trca1")]
transform = Transform3D(0.976945, 0, 0.21349, 0, 1, 0, -0.21349, 0, 0.976945, 0.0251444, 0.29, -0.00438506)

[node name="LargeCupboardFix2" parent="." instance=ExtResource("2_trca1")]
transform = Transform3D(0.97873, 0, 0.205151, 0, 1, 0, -0.205151, 0, 0.97873, 1.79048, -0.227, -0.281558)

[node name="Float1" parent="." instance=ExtResource("2_trca1")]
transform = Transform3D(0.164885, 0, -0.986313, 0, 1, 0, 0.986313, 0, 0.164885, 1.84, 0.625, 0.227)

[node name="Float2" parent="." instance=ExtResource("2_trca1")]
transform = Transform3D(-0.886496, 0, 0.462737, 0, 1, 0, -0.462737, 0, -0.886496, 0.575, 0.538, 1.5)

[node name="Float3" parent="." instance=ExtResource("2_trca1")]
transform = Transform3D(0.680106, 0, -0.733114, 0, 1, 0, 0.733114, 0, 0.680106, 0.46, 0.769, -3.039)

[node name="Float4" parent="." instance=ExtResource("2_trca1")]
transform = Transform3D(-0.75301, 0, 0.658009, 0, 1, 0, -0.658009, 0, -0.75301, 0.191, 0.888, -1.25)

[node name="Float5" parent="." instance=ExtResource("2_trca1")]
transform = Transform3D(0.943945, 0, 0.330103, 0, 1, 0, -0.330103, 0, 0.943945, -0.140764, 0, -3.00328)

[node name="Float6" parent="." instance=ExtResource("2_trca1")]
transform = Transform3D(1, 0, 0, 0, 1, 0, 0, 0, 1, 0.492289, 0.857046, 0.516821)
