[gd_scene load_steps=3 format=3 uid="uid://se8kdypldi4o"]

[ext_resource type="Script" path="res://components/images.gd" id="1_lsf8p"]
[ext_resource type="PackedScene" uid="uid://5x2on57afeoh" path="res://components/pickable_image_frame.tscn" id="2_trca1"]

[node name="Images" type="Node3D"]
script = ExtResource("1_lsf8p")

[node name="PickableImageFrame1" parent="." instance=ExtResource("2_trca1")]
transform = Transform3D(-0.0387585, 0, -0.999249, 0, 1, 0, 0.999249, 0, -0.0387585, 0.509631, 0.636, 0.709828)

[node name="PickableImageFrame2" parent="." instance=ExtResource("2_trca1")]
transform = Transform3D(-0.266263, 0, -0.9639, 0, 1, 0, 0.9639, 0, -0.266263, 0.677252, 0, 1.29487)

[node name="PickableImageFrame3" parent="." instance=ExtResource("2_trca1")]
transform = Transform3D(-0.751402, 0, -0.659844, 0, 1, 0, 0.659844, 0, -0.751402, 0.210201, 0, 1.62221)

[node name="PickableImageFrame4" parent="." instance=ExtResource("2_trca1")]
transform = Transform3D(-0.999953, 0, -0.00973871, 0, 1, 0, 0.00973871, 0, -0.999953, -0.600837, 0, 2.22609)

[node name="PickableImageFrame5" parent="." instance=ExtResource("2_trca1")]
transform = Transform3D(-0.999927, 0, -0.01206, 0, 1, 0, 0.01206, 0, -0.999927, -0.457594, 0.3565, 2.15244)

[node name="PickableImageFrame6" parent="." instance=ExtResource("2_trca1")]
transform = Transform3D(-0.534987, 0, -0.844861, 0, 1, 0, 0.844861, 0, -0.534987, -0.0359198, 0, 1.87364)

[node name="PickableImageFrame7" parent="." instance=ExtResource("2_trca1")]
transform = Transform3D(-0.725591, 0, -0.688127, 0, 1, 0, 0.688127, 0, -0.725591, -0.279922, 0, 2.18209)

[node name="PickableImageFrame8" parent="." instance=ExtResource("2_trca1")]
transform = Transform3D(-0.89312, 0, -0.449818, 0, 1, 0, 0.449818, 0, -0.89312, 0.314929, 0.383663, 1.51721)

[node name="PickableImageFrame9" parent="." instance=ExtResource("2_trca1")]
transform = Transform3D(-0.0525102, 0, -0.99862, 0, 1, 0, 0.99862, 0, -0.0525102, 0.597842, 0.383663, 0.519179)

[node name="PickableImageFrame10" parent="." instance=ExtResource("2_trca1")]
transform = Transform3D(-0.257015, 0, -0.966407, 0, 1, 0, 0.966407, 0, -0.257015, 0.679652, 0.383663, 1.27435)

[node name="PickableImageFrame11" parent="." instance=ExtResource("2_trca1")]
transform = Transform3D(-0.638848, 0, -0.769333, 0, 1, 0, 0.769333, 0, -0.638848, 0.185646, 0.383663, 1.61103)

[node name="PickableImageFrame12" parent="." instance=ExtResource("2_trca1")]
transform = Transform3D(-0.764427, 0, -0.644711, 0, 1, 0, 0.644711, 0, -0.764427, -0.103836, 0.383663, 1.8659)

[node name="PickableImageFrame13" parent="." instance=ExtResource("2_trca1")]
transform = Transform3D(-0.705909, 0, -0.708303, 0, 1, 0, 0.708303, 0, -0.705909, -0.273749, 0.383663, 2.0893)

[node name="PickableImageFrame14" parent="." instance=ExtResource("2_trca1")]
transform = Transform3D(-0.195107, 0, -0.980782, 0, 1, 0, 0.980782, 0, -0.195107, 0.591549, 0.383663, 1.01633)

[node name="PickableImageFrame15" parent="." instance=ExtResource("2_trca1")]
transform = Transform3D(-0.489672, 0, -0.871907, 0, 1, 0, 0.871907, 0, -0.489672, 0.468834, 0.383663, 1.39392)
